1724973092.858555 0.000000 0.000000 0.000000 0.000000 0.000000 0.000000 1.000000
1725192996.958493 0.000000 0.000000 0.000000 0.000000 0.000000 0.000000 1.000000
1725189669.058655 0.000000 0.000000 0.000000 0.000000 0.000000 0.000000 1.000000
1725329445.158812 0.000000 0.000000 0.000000 0.000000 0.000000 0.000000 1.000000
1725250597.259097 0.000000 0.000000 0.000000 0.000000 0.000000 0.000000 1.000000
1725286181.359302 0.000000 0.000000 0.000000 0.000000 0.000000 0.000000 1.000000
1725108005.459553 0.000000 0.000000 0.000000 0.000000 0.000000 0.000000 1.000000
1724952613.559637 0.000000 0.000000 0.000000 0.000000 0.000000 0.000000 1.000000
1724870181.659547 0.000000 0.000000 0.000000 0.000000 0.000000 0.000000 1.000000
1724879653.759377 0.000000 0.000000 0.000000 0.000000 0.000000 0.000000 1.000000
1724800549.859227 0.000000 0.000000 0.000000 0.000000 0.000000 0.000000 1.000000
1724773669.958991 0.000000 0.000000 0.000000 0.000000 0.000000 0.000000 1.000000
1724827430.058728 0.000000 0.000000 0.000000 0.000000 0.000000 0.000000 1.000000
1724834854.158521 0.000000 0.000000 0.000000 0.000000 0.000000 0.000000 1.000000
1724927270.258326 0.000000 0.000000 0.000000 0.000000 0.000000 0.000000 1.000000
1724833318.358213 0.000000 0.000000 0.000000 0.000000 0.000000 0.000000 1.000000
1724915494.458004 0.000000 0.000000 0.000000 0.000000 0.000000 0.000000 1.000000
1725198630.557884 0.000000 0.000000 0.000000 0.000000 0.000000 0.000000 1.000000
1725308198.658039 0.000000 0.000000 0.000000 0.000000 0.000000 0.000000 1.000000
1725277478.758320 0.000000 0.000000 0.000000 0.000000 0.000000 0.000000 1.000000
1725379878.858571 0.000000 0.000000 0.000000 0.000000 0.000000 0.000000 1.000000
1725329958.958915 0.000000 0.000000 0.000000 0.000000 0.000000 0.000000 1.000000
1725247783.059212 0.000000 0.000000 0.000000 0.000000 0.000000 0.000000 1.000000
1725088807.159429 0.000000 0.000000 0.000000 0.000000 0.000000 0.000000 1.000000
1724944423.259478 0.000000 0.000000 0.000000 0.000000 0.000000 0.000000 1.000000
1724758311.359393 0.000000 0.000000 0.000000 0.000000 0.000000 0.000000 1.000000
1724712743.459106 0.000000 0.000000 0.000000 0.000000 0.000000 0.000000 1.000000
1724921127.558787 0.000000 0.000000 0.000000 0.000000 0.000000 0.000000 1.000000
1724777255.658677 0.000000 0.000000 0.000000 0.000000 0.000000 0.000000 1.000000
1724803623.758424 0.000000 0.000000 0.000000 0.000000 0.000000 0.000000 1.000000
1724737575.858188 0.000000 0.000000 0.000000 0.000000 0.000000 0.000000 1.000000
1724812327.957896 0.000000 0.000000 0.000000 0.000000 0.000000 0.000000 1.000000
1725088296.057686 0.000000 0.000000 0.000000 0.000000 0.000000 0.000000 1.000000
1724875560.157738 0.000000 0.000000 0.000000 0.000000 0.000000 0.000000 1.000000
1725286184.257571 0.000000 0.000000 0.000000 0.000000 0.000000 0.000000 1.000000
1725280296.357816 0.000000 0.000000 0.000000 0.000000 0.000000 0.000000 1.000000
1725117736.458063 0.000000 0.000000 0.000000 0.000000 0.000000 0.000000 1.000000
1725565736.558152 0.000000 0.000000 0.000000 0.000000 0.000000 0.000000 1.000000
1725288232.658681 0.000000 0.000000 0.000000 0.000000 0.000000 0.000000 1.000000
1724470312.758942 0.000000 0.000000 0.000000 0.000000 0.000000 0.000000 1.000000
1725164584.858385 0.000000 0.000000 0.000000 0.000000 0.000000 0.000000 1.000000
1724838440.958516 0.000000 0.000000 0.000000 0.000000 0.000000 0.000000 1.000000
1724866601.058316 0.000000 0.000000 0.000000 0.000000 0.000000 0.000000 1.000000
1724442921.158150 0.000000 0.000000 0.000000 0.000000 0.000000 0.000000 1.000000
1724777769.257563 0.000000 0.000000 0.000000 0.000000 0.000000 0.000000 1.000000
1725189417.357298 0.000000 0.000000 0.000000 0.000000 0.000000 0.000000 1.000000
1725337897.457453 0.000000 0.000000 0.000000 0.000000 0.000000 0.000000 1.000000
1725496873.557752 0.000000 0.000000 0.000000 0.000000 0.000000 0.000000 1.000000
1725561129.658223 0.000000 0.000000 0.000000 0.000000 0.000000 0.000000 1.000000
1725521961.758742 0.000000 0.000000 0.000000 0.000000 0.000000 0.000000 1.000000
1725541673.859235 0.000000 0.000000 0.000000 0.000000 0.000000 0.000000 1.000000
1724674089.959735 0.000000 0.000000 0.000000 0.000000 0.000000 0.000000 1.000000
1724567082.059366 0.000000 0.000000 0.000000 0.000000 0.000000 0.000000 1.000000
1724288042.158907 0.000000 0.000000 0.000000 0.000000 0.000000 0.000000 1.000000
1724189738.258157 0.000000 0.000000 0.000000 0.000000 0.000000 0.000000 1.000000
1724607786.357317 0.000000 0.000000 0.000000 0.000000 0.000000 0.000000 1.000000
